Weights

0.9
0.0
0.0

Proposals

p1
p2
p3
p4
p5
p6
p7
p8
p9
p10
p11
p12
p13
p14
p15
p16
p17
p18


Supports

2430
2205
2011
1859
1804
1750
1672
1671
1645
1578
1539
1504
1261
1257
1193
1171
939
930


Values

0.19776
0.19520
0.11943
0.19520
0.07833
0.11943
0.11943
0.19520
0.19520
0.19520
0.19520
0.09189
0.07833
0.19520
0.18096
0.09189
0.01356
0.11943


Costs

350000
390000
725000
1000000
400000
1100000
1800000
250000
365000
550000
156000
150000
250000
559000
180000
243000
385000
1800000


Budget

3600000