Weights

0.8
0.5
0.19999999999999996

Proposals

p1
p2
p3
p4
p5
p6
p7
p8
p9
p10
p11
p12
p13
p14
p15
p16
p17
p18
p19

Supports

2885
2655
2220
1492
1377
1350
1348
1249
1227
1209
1138
938
906
797
791
525
411
364
306


Values

0.11943
0.13299
0.18096
0.01356
0.27353
0.19520
0.19520
0.27353
0.19520
0.13299
0.19520
0.01356
0.09189
0.19520
0.27353
0.11943
0.38517
0.19520
0.19520


Costs

500000
50000
300000
200000
450000
225000
150000
350000
450000
650000
375000
400000
300000
400000
1000000
1200000
850000
900000
1200000


Budget

2400000