Weights

0.1
0.0
0.0

Proposals

p1
p2
p3
p4
p5
p6
p7
p8
p9
p10
p11
p12
p13
p14
p15
p16
p17
p18
p19


Supports

3351
2890
2483
2413
2192
2132
2004
1927
1824
1804
1671
1626
1590
1445
1232
1212
1083
790
518


Values

0.11943
0.01356
0.19520
0.11943
0.07949
0.30940
0.11943
0.19520
0.01356
0.19520
0.07949
0.19520
0.19520
0.11943
0.19520
0.11943
0.01356
0.19520
0.19520


Costs

850000 
1600000 
200000 
850000 
1000000 
535000 
550000 
300000 
70000 
122000 
50000 
400000 
300000 
236500 
1200000 
300000 
275000 
1300000 
588000  


Budget

3600000