Weights

0.1
0.0
0.0

Proposals

p1
p2
p3
p4
p5
p6
p7
p8
p9
p10
p11
p12
p13
p14
p15
p16
p17
p18
p19
p20
p21


Supports

1597
1442
1418
1378
1374
1262
1079
969
943
899
683
657
656
636
633
621
529
510
506
426
268


Values

0.19893
0.07833
0.13299
0.19520
0.19520
0.11943
0.20875
0.11943
0.19520
0.19520
0.19520
0.19520
0.38517
0.38517
0.19520
0.38517
0.19520
0.19520
0.19520
0.19520
0.19520


Costs

1600000
185000
650000
800000
300000
100000
300000
110000
1015000
52000
450000
280000
380000
750000
975000
1580000
420000
325000
1600000
490000
1400000


Budget

3200000