Weights

0.2
0.0
0.0

Proposals

p1
p2
p3
p4
p5
p6
p7
p8
p9
p10
p11
p12
p13
p14
p15
p16
p17
p18
p19
p20


Supports

2004
1564
1382
1133
1090
1083
1047
1038
989
948
868
862
848
839
781
729
546
500
363
291


Values

0.11943
0.30940
0.19520
0.19520
0.26830
0.19520
0.19520
0.19520
0.19520
0.19520
0.19520
0.19520
0.19520
0.19520
0.19520
0.18997
0.19520
0.01356
0.19520
0.19520


Costs

585000
525000
175000
400000
193000
910000
400000
85000
50000
135000
85000
50000
580000
170000
900000
830000
260000
300000
1100000
995000


Budget

3000000