1 2 3 [3, 1, 2, 4, 5, 6, 7, 10, 8, 9] 22.75 29.25     lliures: 7
1 2 4 [4, 1, 2, 3, 5, 6, 7, 10, 8, 9] 22.25 29.25     lliures: 7
1 2 5 [5, 1, 2, 3, 4, 6, 7, 10, 8, 9] 21.25 28.25     lliures: 7
1 2 6 [6, 1, 2, 3, 4, 5, 7, 10, 8, 9] 21.0 28.0     lliures: 7
1 2 7 [7, 1, 2, 3, 4, 5, 6, 10, 8, 9] 20.75 27.75     lliures: 7
1 2 8 [8, 1, 2, 3, 4, 5, 6, 10, 7, 9] 20.5 27.5     lliures: 7
1 2 9 [9, 1, 2, 3, 4, 5, 6, 10, 7, 8] 20.25 27.25     lliures: 7
1 2 10 [10, 1, 2, 3, 4, 5, 6, 9, 7, 8] 19.0 26.0     lliures: 7
1 3 4 [4, 1, 3, 2, 5, 6, 7, 10, 8, 9] 22.0 29.25     lliures: 7
1 3 5 [5, 1, 3, 2, 4, 6, 7, 10, 8, 9] 21.0 28.25     lliures: 7
1 3 6 [6, 1, 3, 2, 4, 5, 7, 10, 8, 9] 20.75 28.0     lliures: 7
1 3 7 [7, 1, 3, 2, 4, 5, 6, 10, 8, 9] 20.5 27.75     lliures: 7
1 3 8 [8, 1, 3, 2, 4, 5, 6, 10, 7, 9] 20.25 27.5     lliures: 7
1 3 9 [9, 1, 3, 2, 4, 5, 6, 10, 7, 8] 20.0 27.25     lliures: 7
1 3 10 [10, 1, 3, 2, 4, 5, 6, 9, 7, 8] 18.75 26.0     lliures: 7
1 4 5 [5, 1, 4, 2, 3, 6, 7, 10, 8, 9] 20.5 27.75     lliures: 7
1 4 6 [6, 1, 4, 2, 3, 5, 7, 10, 8, 9] 20.25 27.5     lliures: 7
1 4 7 [7, 1, 4, 2, 3, 5, 6, 10, 8, 9] 20.0 27.25     lliures: 7
1 4 8 [8, 1, 4, 2, 3, 5, 6, 10, 7, 9] 19.75 27.0     lliures: 7
1 4 9 [9, 1, 4, 2, 3, 5, 6, 10, 7, 8] 19.5 26.75     lliures: 7
1 4 10 [10, 1, 4, 2, 3, 5, 6, 9, 7, 8] 18.25 25.5     lliures: 7
1 5 6 [6, 1, 5, 2, 3, 4, 7, 10, 8, 9] 19.25 26.5     lliures: 7
1 5 7 [7, 1, 5, 2, 3, 4, 6, 10, 8, 9] 19.0 26.25     lliures: 7
1 5 8 [8, 1, 5, 2, 3, 4, 6, 10, 7, 9] 18.75 26.0     lliures: 7
1 5 9 [9, 1, 5, 2, 3, 4, 6, 10, 7, 8] 18.5 25.75     lliures: 7
1 5 10 [10, 1, 5, 2, 3, 4, 6, 9, 7, 8] 17.25 24.5     lliures: 7
1 6 7 [7, 1, 6, 2, 3, 4, 5, 10, 8, 9] 18.75 26.0     lliures: 7
1 6 8 [8, 1, 6, 2, 3, 4, 5, 10, 7, 9] 18.5 25.75     lliures: 7
1 6 9 [9, 1, 6, 2, 3, 4, 5, 10, 7, 8] 18.25 25.5     lliures: 7
1 6 10 [10, 1, 6, 2, 3, 4, 5, 9, 7, 8] 17.0 24.25     lliures: 7
1 7 8 [8, 1, 7, 2, 3, 4, 5, 10, 6, 9] 18.25 25.5     lliures: 7
1 7 9 [9, 1, 7, 2, 3, 4, 5, 10, 6, 8] 18.0 25.25     lliures: 7
1 7 10 [10, 1, 7, 2, 3, 4, 5, 9, 6, 8] 16.75 24.0     lliures: 7
1 8 9 [9, 1, 8, 2, 3, 4, 5, 10, 6, 7] 17.75 25.0     lliures: 7
1 8 10 [10, 1, 8, 2, 3, 4, 5, 9, 6, 7] 16.5 23.75     lliures: 7
1 9 10 [10, 1, 9, 2, 3, 4, 5, 8, 6, 7] 16.25 23.5     lliures: 7
2 3 4 [4, 2, 3, 1, 5, 6, 7, 10, 8, 9] 20.75 29.25     lliures: 7
2 3 5 [5, 2, 3, 1, 4, 6, 7, 10, 8, 9] 19.75 28.25     lliures: 7
2 3 6 [6, 2, 3, 1, 4, 5, 7, 10, 8, 9] 19.5 28.0     lliures: 7
2 3 7 [7, 2, 3, 1, 4, 5, 6, 10, 8, 9] 19.25 27.75     lliures: 7
2 3 8 [8, 2, 3, 1, 4, 5, 6, 10, 7, 9] 19.0 27.5     lliures: 7
2 3 9 [9, 2, 3, 1, 4, 5, 6, 10, 7, 8] 18.75 27.25     lliures: 7
2 3 10 [10, 2, 3, 1, 4, 5, 6, 9, 7, 8] 17.5 26.0     lliures: 7
2 4 5 [5, 2, 4, 1, 3, 6, 7, 10, 8, 9] 19.25 27.75     lliures: 7
2 4 6 [6, 2, 4, 1, 3, 5, 7, 10, 8, 9] 19.0 27.5     lliures: 7
2 4 7 [7, 2, 4, 1, 3, 5, 6, 10, 8, 9] 18.75 27.25     lliures: 7
2 4 8 [8, 2, 4, 1, 3, 5, 6, 10, 7, 9] 18.5 27.0     lliures: 7
2 4 9 [9, 2, 4, 1, 3, 5, 6, 10, 7, 8] 18.25 26.75     lliures: 7
2 4 10 [10, 2, 4, 1, 3, 5, 6, 9, 7, 8] 17.0 25.5     lliures: 7
2 5 6 [6, 2, 5, 1, 3, 4, 7, 10, 8, 9] 18.0 26.5     lliures: 7
2 5 7 [7, 2, 5, 1, 3, 4, 6, 10, 8, 9] 17.75 26.25     lliures: 7
2 5 8 [8, 2, 5, 1, 3, 4, 6, 10, 7, 9] 17.5 26.0     lliures: 7
2 5 9 [9, 2, 5, 1, 3, 4, 6, 10, 7, 8] 17.25 25.75     lliures: 7
2 5 10 [10, 2, 5, 1, 3, 4, 6, 9, 7, 8] 16.0 24.5     lliures: 7
2 6 7 [7, 2, 6, 1, 3, 4, 5, 10, 8, 9] 17.5 26.0     lliures: 7
2 6 8 [8, 2, 6, 1, 3, 4, 5, 10, 7, 9] 17.25 25.75     lliures: 7
2 6 9 [9, 2, 6, 1, 3, 4, 5, 10, 7, 8] 17.0 25.5     lliures: 7
2 6 10 [10, 2, 6, 1, 3, 4, 5, 9, 7, 8] 15.75 24.25     lliures: 7
2 7 8 [8, 2, 7, 1, 3, 4, 5, 10, 6, 9] 17.0 25.5     lliures: 7
2 7 9 [9, 2, 7, 1, 3, 4, 5, 10, 6, 8] 16.75 25.25     lliures: 7
2 7 10 [10, 2, 7, 1, 3, 4, 5, 9, 6, 8] 15.5 24.0     lliures: 7
2 8 9 [9, 2, 8, 1, 3, 4, 5, 10, 6, 7] 16.5 25.0     lliures: 7
2 8 10 [10, 2, 8, 1, 3, 4, 5, 9, 6, 7] 15.25 23.75     lliures: 7
2 9 10 [10, 2, 9, 1, 3, 4, 5, 8, 6, 7] 15.0 23.5     lliures: 7
3 4 5 [5, 3, 4, 1, 2, 6, 7, 10, 8, 9] 19.0 27.5     lliures: 7
3 4 6 [6, 3, 4, 1, 2, 5, 7, 10, 8, 9] 18.75 27.25     lliures: 7
3 4 7 [7, 3, 4, 1, 2, 5, 6, 10, 8, 9] 18.5 27.0     lliures: 7
3 4 8 [8, 3, 4, 1, 2, 5, 6, 10, 7, 9] 18.25 26.75     lliures: 7
3 4 9 [9, 3, 4, 1, 2, 5, 6, 10, 7, 8] 18.0 26.5     lliures: 7
3 4 10 [10, 3, 4, 1, 2, 5, 6, 9, 7, 8] 16.75 25.25     lliures: 7
3 5 6 [6, 3, 5, 1, 2, 4, 7, 10, 8, 9] 17.75 26.25     lliures: 7
3 5 7 [7, 3, 5, 1, 2, 4, 6, 10, 8, 9] 17.5 26.0     lliures: 7
3 5 8 [8, 3, 5, 1, 2, 4, 6, 10, 7, 9] 17.25 25.75     lliures: 7
3 5 9 [9, 3, 5, 1, 2, 4, 6, 10, 7, 8] 17.0 25.5     lliures: 7
3 5 10 [10, 3, 5, 1, 2, 4, 6, 9, 7, 8] 15.75 24.25     lliures: 7
3 6 7 [7, 3, 6, 1, 2, 4, 5, 10, 8, 9] 17.25 25.75     lliures: 7
3 6 8 [8, 3, 6, 1, 2, 4, 5, 10, 7, 9] 17.0 25.5     lliures: 7
3 6 9 [9, 3, 6, 1, 2, 4, 5, 10, 7, 8] 16.75 25.25     lliures: 7
3 6 10 [10, 3, 6, 1, 2, 4, 5, 9, 7, 8] 15.5 24.0     lliures: 7
3 7 8 [8, 3, 7, 1, 2, 4, 5, 10, 6, 9] 16.75 25.25     lliures: 7
3 7 9 [9, 3, 7, 1, 2, 4, 5, 10, 6, 8] 16.5 25.0     lliures: 7
3 7 10 [10, 3, 7, 1, 2, 4, 5, 9, 6, 8] 15.25 23.75     lliures: 7
3 8 9 [9, 3, 8, 1, 2, 4, 5, 10, 6, 7] 16.25 24.75     lliures: 7
3 8 10 [10, 3, 8, 1, 2, 4, 5, 9, 6, 7] 15.0 23.5     lliures: 7
3 9 10 [10, 3, 9, 1, 2, 4, 5, 8, 6, 7] 14.75 23.25     lliures: 7
4 5 6 [6, 4, 5, 1, 2, 3, 7, 10, 8, 9] 17.25 25.75     lliures: 7
4 5 7 [7, 4, 5, 1, 2, 3, 6, 10, 8, 9] 17.0 25.5     lliures: 7
4 5 8 [8, 4, 5, 1, 2, 3, 6, 10, 7, 9] 16.75 25.25     lliures: 7
4 5 9 [9, 4, 5, 1, 2, 3, 6, 10, 7, 8] 16.5 25.0     lliures: 7
4 5 10 [10, 4, 5, 1, 2, 3, 6, 9, 7, 8] 15.25 23.75     lliures: 7
4 6 7 [7, 4, 6, 1, 2, 3, 5, 10, 8, 9] 16.75 25.25     lliures: 7
4 6 8 [8, 4, 6, 1, 2, 3, 5, 10, 7, 9] 16.5 25.0     lliures: 7
4 6 9 [9, 4, 6, 1, 2, 3, 5, 10, 7, 8] 16.25 24.75     lliures: 7
4 6 10 [10, 4, 6, 1, 2, 3, 5, 9, 7, 8] 15.0 23.5     lliures: 7
4 7 8 [8, 4, 7, 1, 2, 3, 5, 10, 6, 9] 16.25 24.75     lliures: 7
4 7 9 [9, 4, 7, 1, 2, 3, 5, 10, 6, 8] 16.0 24.5     lliures: 7
4 7 10 [10, 4, 7, 1, 2, 3, 5, 9, 6, 8] 14.75 23.25     lliures: 7
4 8 9 [9, 4, 8, 1, 2, 3, 5, 10, 6, 7] 15.75 24.25     lliures: 7
4 8 10 [10, 4, 8, 1, 2, 3, 5, 9, 6, 7] 23.0 38.75     lliures: 6
4 9 10 [10, 4, 9, 1, 2, 3, 5, 8, 6, 7] 22.75 38.5     lliures: 6
5 6 7 [7, 5, 6, 1, 2, 3, 4, 10, 8, 9] 15.75 24.25     lliures: 7
5 6 8 [8, 5, 6, 1, 2, 3, 4, 10, 7, 9] 15.5 24.0     lliures: 7
5 6 9 [9, 5, 6, 1, 2, 3, 4, 10, 7, 8] 15.25 23.75     lliures: 7
5 6 10 [10, 5, 6, 1, 2, 3, 4, 9, 7, 8] 22.5 38.25     lliures: 6
5 7 8 [8, 5, 7, 1, 2, 3, 4, 10, 6, 9] 15.25 23.75     lliures: 7
5 7 9 [9, 5, 7, 1, 2, 3, 4, 10, 6, 8] 15.0 23.5     lliures: 7
5 7 10 [10, 5, 7, 1, 2, 3, 4, 9, 6, 8] 22.25 38.0     lliures: 6
5 8 9 [9, 5, 8, 1, 2, 3, 4, 10, 6, 7] 14.75 23.25     lliures: 7
5 8 10 [10, 5, 8, 1, 2, 3, 4, 9, 6, 7] 22.0 37.75     lliures: 6
5 9 10 [10, 5, 9, 1, 2, 3, 4, 8, 6, 7] 21.75 37.5     lliures: 6
6 7 8 [8, 6, 7, 1, 2, 3, 4, 10, 5, 9] 15.0 23.5     lliures: 7
6 7 9 [9, 6, 7, 1, 2, 3, 4, 10, 5, 8] 14.75 23.25     lliures: 7
6 7 10 [10, 6, 7, 1, 2, 3, 4, 9, 5, 8] 22.0 37.75     lliures: 6
6 8 9 [9, 6, 8, 1, 2, 3, 4, 10, 5, 7] 23.0 38.75     lliures: 6
6 8 10 [10, 6, 8, 1, 2, 3, 4, 9, 5, 7] 21.75 37.5     lliures: 6
6 9 10 [10, 6, 9, 1, 2, 3, 4, 8, 5, 7] 21.5 37.25     lliures: 6
7 8 9 [9, 7, 8, 1, 2, 3, 4, 10, 5, 6] 22.75 38.5     lliures: 6
7 8 10 [10, 7, 8, 1, 2, 3, 4, 9, 5, 6] 21.5 37.25     lliures: 6
7 9 10 [10, 7, 9, 1, 2, 3, 4, 8, 5, 6] 21.25 37.0     lliures: 6
8 9 10 [10, 8, 9, 1, 2, 3, 4, 7, 5, 6] 21.0 36.75     lliures: 6
