Weights

0.3
0.5
0.5

Proposals

p1
p2
p3
p4
p5
p6
p7
p8
p9
p10
p11
p12
p13
p14
p15
p16
p17
p18
p19

Supports

2816
2805
2676
2516
2332
2160
2104
1961
1759
1738
1687
1584
1552
1394
1341
1224
1171
1143
1060


Values

0.11943
0.11943
0.18997
0.11943
0.13299
0.26830
0.11943
0.11943
0.26830
0.11943
0.11943
0.19776
0.11943
0.11943
0.11943
0.07833
0.11943
0.19776
0.11943


Costs

875000
300000
200000
380000
600000
1500000
250000
1500000
800000
120000
270000
500000
170000
100000
155000
225000
250000
225000
300000


Budget

3000000